8.0417
4.844
0.3186
1.7023
1.0075
0.85405
0.44871
0.43369
0.4412
6.0917
3.0225
0.26522
0.19266
0.17098
0.18098
0.43953
0.59133
0.71059
1.2535
0.34028
2.9842
0.29108
0.95997
0.19933
0.2744
0.33695
0.31526
0.60967
1.8732
1.2227
0.31776
0.53461
0.3578
0.49458
1.9366
1.7198
0.49875
1.1776
0.39199
0.43036
0.64304
0.46872
0.55213
3.2802
0.83653
4.2969
0.59216
6.1576
1.9416
2.3461
2.2302
1.8157
1.2202
0.43119
0.70392
0.60967
0.3603
0.22102
0.49458
0.57798
0.31359
3.1284
8.3386
1.2385
0.50876
1.4295
0.1151
1.5238
0.3578
0.27773
0.038365
