0.22341
0.14659
0.13469
0.17711
0.28025
3.3714
0.30642
0.32165
0.25587
1.8352
1.4543
0.39169
2.0149
1.1378
0.50468
3.2372
0.70354
2.2883
0.53548
0.91704
0.38367
0.46851
13.044
2.535
0.17
0.64713
2.4358
2.5457
1.7445
2.2086
0.10977
0.55076
0.72373
0.68411
0.45591
0.66328
0.00043066
0.57337
1.8312
5.2454
9.0354
7.8444
0.63146
1.8526
1.0644
1.0669
2.2924
13.411
2.6536
9.8678
0.22131
2.4217
4.5385
1.1093
0.48692
0.69418
5.9603
5.666
4.0059
5.5448
0.67986
0.63587
1.8556
1.0672
1.0758
3.996
2.297
2.6536
9.8678
0.22131
2.4321
4.5463
1.1293
0.48724
0.84405
5.1586
5.666
5.5516
2.1948
