8.9952
3.1958
0.27035
1.4433
0.79218
0.75006
0.3723
0.25592
0.36965
5.3338
2.9447
0.30738
0.36682
0.17826
0.14986
0.2945
0.60471
0.26765
0.93624
0.29714
2.99
0.19925
0.60343
0.14632
0.16596
0.33121
0.30223
0.61032
1.3836
1.206
0.28413
0.48461
0.34634
0.51423
2.1089
2.3864
0.47488
1.2494
0.39252
0.32329
0.64471
0.44532
0.61386
3.5239
0.65115
3.949
0.58037
4.5206
1.8432
2.0339
2.0321
0.99974
0.89265
0.22694
0.37455
0.52937
0.66332
0.67691
0.07567
0.45041
0.24324
2.4136
8.8655
0.36779
0.41699
2.02
0.099047
1.5213
0.23049
0.30088
0.2243
