0.069856
0.52632
0.96077
0.62871
2.3703
0.88995
1.3512
2.6182
1.8919
0.65933
0.51866
0.6201
1.3627
0.1866
0.68038
0.21435
0.82679
0.88708
1.6689
2.6392
1.1627
1.1636
0.52919
0.80383
4.1273
0.18947
1.4182
0.29187
1.3139
0.87081
1.8928
2.2651
1.1043
1.0431
2.0833
1.7167
0.58278
1.4163
3.1569
1.6947
1.7445
2.4871
0.60383
1.112
2.778
1.0191
0.72632
1.5273
0.69282
1.3962
1.0105
0.40191
1.3608
0.25455
1.1483
1.7321
0.93876
0.55694
0.92919
6.0105
1.3895
0.70048
1.3541
1.1474
0.6756
2.0105
2.3148
0.44593
0.48612
0.57895
0.48325
0.64593
0.53493
0.54258
2.1742
3.0364
1.7062
1.7713
1.6909
0.97895
0.74833
1.4287
1.2737
1.4612
0.71675
0.7177
0.20096
1.2938
1.2727
1.222
2.6211
0.69282
1.7464
0.79234
1.1005
1.1349
1.2517
1.0029
1.2622
1.3043
1.867
1.4651
1.0689
1.5866
1.0565
1.3148
0.76651
0.90909
2.6153
2.6191
0.8
1.0067
5.1148
1.4431
1.7608
0.4134
0.58469
0.68612
0.70431
0.92632
0.64785
1.1598
0.66411
1.0507
2.1512
0.86794
