0.050603
0.41439
0.73748
0.46612
2.2199
0.75744
1.1613
2.0392
1.2231
0.53232
0.4074
0.40112
1.0355
0.11148
0.54905
0.26186
0.6027
0.66932
1.2976
1.9741
1.2054
1.0076
0.50281
0.74615
3.7251
0.20373
1.3717
0.22117
1.2609
0.88081
1.5479
1.7328
0.98799
0.77202
1.616
1.4332
0.57456
1.3534
2.3861
1.4456
1.6634
2.165
0.60396
1.0814
2.4871
1.0631
0.79502
1.4644
0.52354
1.1359
0.85136
0.26544
1.0793
0.16884
1.0111
1.2279
0.95531
0.46756
0.79639
3.3089
1.0807
0.82065
1.1785
0.87328
0.54744
1.7644
1.6899
0.35482
0.38003
0.5518
0.41409
0.72452
0.37047
0.41247
1.7258
2.2337
1.495
1.0884
1.2565
0.68891
0.59499
1.1114
1.0718
1.1001
0.69052
0.68103
0.1646
0.95525
1.076
1.1774
2.1167
0.62206
1.4103
0.86898
0.96995
0.96983
1.0789
0.69226
0.91176
1.1565
1.213
1.2015
0.98369
1.528
0.91737
1.0123
0.65032
0.72876
2.0981
2.0486
0.71251
0.95017
3.1838
1.1195
1.4281
0.44103
0.60431
0.82005
0.71323
0.84783
0.54947
0.91785
0.66896
0.99875
1.3844
0.97527
