0.0092593
0.18266
0.14815
0.53114
0.50505
5.8148
0.26178
0.50253
0.28788
2.9874
3.7912
1.3401
4.2247
3.053
1.0008
5.6582
1.5109
4.5943
1.1549
1.4066
0.18603
0.48569
21.843
4.9318
0.16751
1.0867
1.6742
3.2391
3.8956
2.8375
0.2138
0.73822
1.0412
0.54461
0.81397
1.1111
0.00084175
0.84933
0.027778
9.7323
14.609
10.863
0.84175
3.92
1.7677
2.3973
1.686
25.809
3.7424
12.926
0.22391
3.7534
6.0446
2.0017
0.7037
0.67929
6.952
8.3056
2.8687
9.3948
1.0572
0.85185
3.9276
1.7736
2.4133
7.2786
1.6911
3.7424
12.926
0.22391
3.7727
6.0614
2.0354
0.7096
0.87121
5.8729
8.3056
9.4091
3.33
