1 0 0.912367 1.154921 0.111422 0.113682 0 0
2 0 1.568775 1.861374 0.181184 0.181534 0 0
2 1 0.614732 0.68766 0.053492 0.058225 0 0
3 0 1.799727 1.652596 0.182441 0.19212 0 0
3 1 0.739062 0.653143 0.053376 0.060721 0 0
3 2 0.840501 0.754737 0.070357 0.080016 0 0
4 0 1.726972 1.670966 0.181789 0.187472 0 0
4 1 0.69972 0.647516 0.054484 0.060327 0 0
4 2 0.830913 0.823021 0.072168 0.080169 0 0
4 3 0.717545 0.777251 0.068951 0.071701 0 0
5 0 0.737316 0.608604 0.054325 0.060922 0 0
5 1 0.422204 0.363491 0.023244 0.031885 0 0
5 2 0.454159 0.345607 0.032649 0.046226 0 0
5 3 0.398865 0.353559 0.031983 0.037357 0 0
5 4 0.398803 0.410965 0.032635 0.042556 0 0
6 0 0.933912 1.19434 0.11604 0.119894 0 0
6 1 0.358023 0.340021 0.036123 0.041231 0 0
6 2 0.693395 0.585907 0.054174 0.060728 0 0
6 3 0.677524 0.759895 0.058913 0.061314 0 0
6 4 0.667264 0.699018 0.057383 0.062012 0 0
6 5 0.386358 0.395049 0.028699 0.028533 0 0
7 0 1.328969 1.204738 0.118032 0.126949 0 0
7 1 0.561148 0.55712 0.040659 0.046827 0 0
7 2 0.606313 0.550785 0.051018 0.058745 0 0
7 3 0.541199 0.482826 0.04868 0.052436 0 0
7 4 0.577358 0.497441 0.049282 0.054949 0 0
7 5 0.361779 0.409675 0.026523 0.030531 0 0
7 6 0.516514 0.482075 0.041261 0.046048 0 0
8 0 0.749108 0.624108 0.054066 0.06075 0 0
8 1 0.405447 0.356395 0.022916 0.032164 0 0
8 2 0.455723 0.35123 0.032306 0.046081 0 0
8 3 0.406491 0.378682 0.03143 0.036893 0 0
8 4 0.386187 0.407549 0.032015 0.041978 0 0
8 5 0.388157 0.394292 0.013965 0.016324 0 0
8 6 0.39155 0.387309 0.025235 0.032983 0 0
8 7 0.408724 0.35825 0.026002 0.029794 0 0
9 0 1.391409 1.423017 0.133721 0.139499 0 0
9 1 0.588348 0.512615 0.044643 0.050638 0 0
9 2 0.692606 0.694546 0.057738 0.065524 0 0
9 3 0.662174 0.678669 0.058574 0.061332 0 0
9 4 0.669041 0.634526 0.056846 0.061272 0 0
9 5 0.367449 0.415925 0.031592 0.033435 0 0
9 6 0.555107 0.53296 0.045385 0.049621 0 0
9 7 0.441082 0.48403 0.041768 0.043858 0 0
9 8 0.374729 0.405637 0.031157 0.032789 0 0
10 0 2.297167 2.078672 0.268849 0.278271 0 0
10 1 0.842552 0.621624 0.058129 0.06534 0 0
10 2 1.156165 1.005762 0.092817 0.103016 0 0
10 3 0.73554 0.746308 0.068752 0.072619 0 0
10 4 1.019207 0.969943 0.087759 0.095243 0 0
10 5 0.395723 0.420485 0.034225 0.037863 0 0
10 6 0.92787 0.746272 0.071918 0.078789 0 0
10 7 0.632564 0.718984 0.062416 0.065945 0 0
10 8 0.364364 0.409845 0.033442 0.036552 0 0
10 9 0.985 1.005855 0.088173 0.095027 0 0
11 0 2.984803 2.734798 0.533464 0.545366 0 0
