1 0 -0.047337 -0.034412 0.02022 0.020437 0 0
2 0 -0.062231 0.02541 0.042461 0.043339 0 0
2 1 -0.081505 -0.099151 0.060705 0.06133 0 0
3 0 -0.038099 -0.069738 0.018772 0.018857 0 0
3 1 -0.015129 -0.02648 0.009203 0.009264 0 0
3 2 0.002796 -0.050819 0.054787 0.054167 0 0
4 0 -0.0134 -0.025121 0.022214 0.022419 0 0
4 1 0.012472 -0.015555 0.010454 0.010511 0 0
4 2 -0.044433 -0.054425 0.052484 0.052489 0 0
4 3 0.030438 0.023715 0.009341 0.009415 0 0
5 0 0.10467 0.06321 0.059802 0.059597 0 0
5 1 -0.351723 -0.464291 0.288977 0.299112 0 0
5 2 -0.023388 -0.036354 0.017917 0.017923 0 0
5 3 -0.584385 -0.36636 0.276427 0.303617 0 0
5 4 -0.036349 0.100867 0.120897 0.122865 0 0
6 0 0.151886 0.14548 0.058766 0.058824 0 0
6 1 0.07433 0.051 0.027362 0.02743 0 0
6 2 -0.14041 -0.107829 0.124519 0.12394 0 0
6 3 0.246584 0.228933 0.026505 0.026477 0 0
6 4 -0.074274 -0.17278 0.02205 0.022228 0 0
6 5 -0.026765 0.195747 0.3079 0.303928 0 0
7 0 -0.025416 0.004193 0.03581 0.036105 0 0
7 1 -0.189791 -0.226419 0.226709 0.244592 0 0
7 2 -0.018395 -0.012076 0.011313 0.011332 0 0
7 3 -0.453223 -0.653579 0.232128 0.250274 0 0
7 4 -0.05658 0.009238 0.081417 0.081534 0 0
7 5 0.000664 -0.012693 0.013955 0.013932 0 0
7 6 0.000474 0.101775 0.197263 0.200635 0 0
8 0 0.014675 -0.006881 0.015943 0.015893 0 0
8 1 0.012138 0.025543 0.007643 0.007693 0 0
8 2 -0.028962 -0.018579 0.041627 0.041514 0 0
8 3 0.003555 0.001388 0.006732 0.006742 0 0
8 4 0.011656 0.021798 0.00709 0.007098 0 0
8 5 -0.086274 -0.219389 0.180725 0.173906 0 0
8 6 0.067492 0.089914 0.018548 0.018643 0 0
8 7 -0.132051 -0.134524 0.137734 0.127212 0 0
9 0 -0.013898 0.054799 0.045556 0.045832 0 0
9 1 -0.094889 -0.003222 0.144628 0.148884 0 0
9 2 -0.012361 0.00105 0.014544 0.014595 0 0
9 3 -0.04435 0.128315 0.131166 0.134628 0 0
9 4 -0.051795 -0.013632 0.084184 0.085013 0 0
9 5 0.013114 0.017099 0.018185 0.018236 0 0
9 6 0.162621 0.058904 0.200272 0.20042 0 0
9 7 0.009893 -0.017115 0.01145 0.011364 0 0
9 8 -0.077178 -0.019655 0.084935 0.088062 0 0
10 0 0.00122 -0.067742 0.034893 0.034768 0 0
10 1 -0.012493 -0.010995 0.018068 0.018275 0 0
10 2 0.019554 0.056673 0.070231 0.070313 0 0
10 3 0.006101 -0.044678 0.013049 0.012856 0 0
10 4 0.002292 0.04786 0.013732 0.013983 0 0
10 5 -0.614044 -0.426452 0.338227 0.325776 0 0
10 6 0.013846 0.169748 0.029425 0.030836 0 0
10 7 -0.800399 -0.454358 0.327028 0.301601 0 0
10 8 0.000516 -0.011146 0.008959 0.008939 0 0
10 9 0.096851 0.00541 0.136749 0.131715 0 0
11 0 0.036141 0.077934 0.041986 0.041006 0 0
11 1 0.056723 -0.03837 0.020896 0.020343 0 0
11 2 -0.082092 -0.081353 0.108848 0.105062 0 0
11 3 0.10039 0.064266 0.021082 0.02048 0 0
11 4 -0.058101 -0.012148 0.024341 0.02397 0 0
11 5 -0.135045 -0.127918 0.218977 0.206811 0 0
11 6 -0.114978 -0.240635 0.059151 0.058285 0 0
11 7 -0.123787 0.149215 0.143838 0.136236 0 0
11 8 0.025194 -0.014042 0.016971 0.016893 0 0
11 9 -0.209957 -0.15012 0.161723 0.155161 0 0
11 10 -0.013126 0.073074 0.070957 0.071481 0 0
12 0 0.082247 0.08321 0.0563 0.056273 0 0
12 1 -0.017434 -0.033478 0.026592 0.026704 0 0
12 2 -0.169569 -0.106925 0.063956 0.064766 0 0
12 3 0.033186 0.025312 0.025269 0.025346 0 0
12 4 0.050014 -0.026009 0.026812 0.026367 0 0
12 5 -0.133299 0.050523 0.090895 0.091947 0 0
12 6 -0.077225 0.086439 0.071632 0.073304 0 0
12 7 -0.033874 -0.003356 0.056522 0.056287 0 0
12 8 0.002628 -0.026778 0.019876 0.019835 0 0
12 9 0.036795 0.024975 0.071399 0.070526 0 0
12 10 -0.01677 -0.06823 0.058301 0.058051 0 0
12 11 -0.122305 -0.121798 0.058056 0.058755 0 0
13 0 0.000661 0.017555 0.016196 0.016384 0 0
13 1 0.005185 0.015235 0.007752 0.007847 0 0
13 2 -0.030224 -0.026274 0.038352 0.038067 0 0
13 3 0.00117 0.014839 0.006729 0.006788 0 0
13 4 0.000854 0.015096 0.006772 0.006802 0 0
13 5 -0.040681 -0.147312 0.134695 0.129311 0 0
13 6 0.012769 -0.039993 0.016348 0.015908 0 0
13 7 -0.108945 0.021657 0.097578 0.092286 0 0
13 8 6e-06 0.00654 0.004933 0.004981 0 0
13 9 0.040451 -0.023719 0.074152 0.070612 0 0
13 10 0.004832 0.021465 0.007841 0.007871 0 0
13 11 0.031178 0.019648 0.018234 0.01844 0 0
13 12 -0.028345 -0.031648 0.020219 0.020352 0 0
14 0 -0.020266 4.3e-05 0.030781 0.030881 0 0
14 1 -0.337538 -0.220077 0.181465 0.206001 0 0
14 2 -0.007058 -0.01915 0.009871 0.00981 0 0
14 3 -0.710673 -0.621505 0.183414 0.202183 0 0
14 4 0.015645 0.01788 0.071924 0.071669 0 0
14 5 0.010678 0.001021 0.0124 0.012378 0 0
14 6 -0.171708 -0.07484 0.166434 0.168494 0 0
14 7 -0.012258 -0.008816 0.007713 0.007718 0 0
14 8 -0.214442 -0.054244 0.110256 0.116729 0 0
14 9 0.000854 -0.004335 0.009906 0.009901 0 0
14 10 -0.67958 -0.895474 0.234084 0.259755 0 0
14 11 -0.053577 -0.156339 0.112645 0.1195 0 0
14 12 -0.031131 0.044796 0.047576 0.047472 0 0
14 13 -0.082733 -0.119597 0.079086 0.083927 0 0
15 0 -0.14985 -0.141515 0.067594 0.068101 0 0
15 1 -0.093401 -0.083662 0.03849 0.038712 0 0
15 2 -0.053298 -0.018131 0.043363 0.043843 0 0
15 3 -0.05185 -0.053697 0.03711 0.037149 0 0
15 4 -0.083409 -0.022061 0.039714 0.04007 0 0
15 5 0.034608 -0.003055 0.053207 0.052597 0 0
15 6 0.145278 0.32326 0.104537 0.105201 0 0
15 7 -0.023947 -0.002124 0.034481 0.034568 0 0
15 8 -0.043538 -0.0227 0.029645 0.03017 0 0
15 9 0.017801 -0.038298 0.044934 0.044365 0 0
15 10 0.074965 0.046431 0.070171 0.070118 0 0
15 11 0.134751 -0.131817 0.0758 0.077484 0 0
15 12 -0.045569 -0.075094 0.097832 0.097394 0 0
15 13 0.018276 -0.048091 0.030167 0.030022 0 0
15 14 0.000184 -0.019288 0.030699 0.030639 0 0
16 0 0.068991 0.104781 0.046093 0.046335 0 0
16 1 0.033374 0.081499 0.022317 0.022585 0 0
16 2 0.019573 -0.04239 0.10431 0.103477 0 0
16 3 0.093583 0.157063 0.020512 0.020857 0 0
16 4 0.01658 -0.099455 0.022492 0.02202 0 0
16 5 0.110193 -0.093502 0.217911 0.214327 0 0
16 6 -0.237243 -0.480512 0.052773 0.051878 0 0
16 7 -0.020191 0.168264 0.136352 0.135325 0 0
16 8 0.02539 0.014209 0.015983 0.015937 0 0
16 9 -0.0457 0.019535 0.151788 0.148998 0 0
16 10 0.010112 0.040077 0.030058 0.030196 0 0
16 11 -0.089374 -0.205265 0.046262 0.044339 0 0
16 12 0.053761 0.013354 0.062146 0.061191 0 0
16 13 -0.001848 0.028003 0.015923 0.01602 0 0
16 14 -0.021499 0.057242 0.115414 0.113595 0 0
16 15 0.16045 0.187336 0.089213 0.08928 0 0
17 0 0.065474 0.086612 0.02459 0.024773 0 0
17 1 0.026245 0.032398 0.011666 0.011726 0 0
17 2 0.035502 0.028713 0.061813 0.061762 0 0
17 3 0.052032 0.053974 0.010595 0.01057 0 0
17 4 -0.00674 0.029986 0.011178 0.011283 0 0
17 5 0.016206 -0.13931 0.1851 0.181011 0 0
17 6 -0.149258 -0.312657 0.026572 0.026167 0 0
17 7 -0.071481 -0.11123 0.117727 0.116849 0 0
17 8 0.028094 -0.00938 0.008125 0.008079 0 0
17 9 -0.071993 -0.017383 0.108985 0.107931 0 0
17 10 0.00573 -0.060032 0.015164 0.014834 0 0
17 11 -0.075452 -0.181135 0.025418 0.024358 0 0
17 12 -0.019951 -0.042132 0.030342 0.030174 0 0
17 13 0.01712 0.005415 0.007824 0.007834 0 0
17 14 -0.020376 -0.19104 0.098869 0.096164 0 0
17 15 0.125793 0.105668 0.047278 0.046844 0 0
17 16 -0.227922 -0.091372 0.022945 0.024282 0 0
18 0 0.01923 0.045967 0.046392 0.046542 0 0
18 1 -0.002167 0.029869 0.0238 0.024009 0 0
18 2 -0.055162 -0.049686 0.042752 0.04276 0 0
18 3 0.042402 0.039525 0.023661 0.023668 0 0
18 4 -0.001915 0.023957 0.027036 0.027146 0 0
18 5 0.045966 -0.027279 0.058189 0.057394 0 0
18 6 -0.092803 0.018303 0.064376 0.06531 0 0
18 7 -0.031409 0.000175 0.035428 0.035696 0 0
18 8 -0.003933 -0.029022 0.019614 0.019611 0 0
18 9 -0.016851 -0.050675 0.045071 0.044655 0 0
18 10 -0.014192 0.048603 0.069094 0.06833 0 0
18 11 -0.028312 -0.039312 0.042307 0.042414 0 0
18 12 -0.095571 0.063098 0.064312 0.065512 0 0
18 13 -0.020993 -0.023412 0.020639 0.020591 0 0
18 14 0.009067 0.004244 0.030335 0.030332 0 0
18 15 -0.038356 -0.060697 0.075548 0.075117 0 0
18 16 -0.053605 -0.03494 0.052825 0.053793 0 0
18 17 -0.050682 -0.01059 0.02847 0.028947 0 0
19 0 5e-05 -0.016117 0.018323 0.018283 0 0
19 1 0.007872 0.003995 0.008863 0.008925 0 0
19 2 -0.008426 -0.037665 0.048305 0.047801 0 0
19 3 0.012504 0.005148 0.007951 0.007963 0 0
19 4 0.000665 0.019773 0.008382 0.008452 0 0
19 5 -0.018788 -0.168716 0.179565 0.17021 0 0
19 6 -0.021119 0.010123 0.020972 0.021142 0 0
19 7 -0.064105 -0.068341 0.129246 0.126775 0 0
19 8 0.015781 0.007815 0.006078 0.006101 0 0
19 9 0.038891 -0.055399 0.097871 0.096111 0 0
19 10 -0.047285 0.019234 0.010709 0.010912 0 0
19 11 -0.012731 -0.034163 0.018705 0.018673 0 0
19 12 -0.03429 -0.014169 0.023391 0.023691 0 0
19 13 0.004727 0.000518 0.005939 0.005932 0 0
19 14 -0.118959 -0.061767 0.112653 0.105747 0 0
19 15 0.018716 -0.010996 0.034511 0.03424 0 0
19 16 -0.011596 0.015748 0.018539 0.018797 0 0
19 17 -0.006224 0.009384 0.009527 0.009611 0 0
19 18 0.033446 0.007606 0.022077 0.022137 0 0
20 0 0.0899 0.101319 0.031174 0.031347 0 0
20 1 0.024864 0.051705 0.014586 0.014743 0 0
20 2 0.104115 0.027293 0.0909 0.091075 0 0
20 3 0.045424 0.083977 0.013751 0.013881 0 0
20 4 0.003516 -0.028198 0.014027 0.013957 0 0
20 5 -0.375271 0.237788 0.562099 0.545675 0 0
20 6 -0.128091 -0.285741 0.034804 0.034373 0 0
20 7 -0.406559 0.345543 0.555214 0.546019 0 0
20 8 0.018257 0.009519 0.010634 0.010653 0 0
20 9 -0.079942 0.11273 0.217571 0.21588 0 0
20 10 -0.042808 0.046469 0.023093 0.023658 0 0
20 11 -0.087966 -0.220657 0.029989 0.028679 0 0
20 12 -0.05706 -0.0616 0.03867 0.038449 0 0
20 13 0.027798 -0.027005 0.010624 0.010519 0 0
20 14 -0.259324 0.499301 0.447481 0.425235 0 0
20 15 0.118958 0.117398 0.058677 0.058389 0 0
20 16 -0.227038 -0.256377 0.030369 0.030346 0 0
20 17 -0.062196 -0.131895 0.016228 0.015902 0 0
20 18 0.038845 -0.037381 0.035582 0.03511 0 0
20 19 0.015093 -0.018004 0.012448 0.01235 0 0
21 0 0.029234 0.039086 0.020082 0.020113 0 0
21 1 0.016934 0.026183 0.009644 0.009703 0 0
21 2 -0.04119 0.018742 0.054808 0.055403 0 0
21 3 0.025803 0.03956 0.008867 0.008899 0 0
21 4 0.014658 0.000403 0.009981 0.009894 0 0
21 5 -0.173647 -0.230273 0.227245 0.214282 0 0
21 6 -0.080098 -0.12362 0.023922 0.024056 0 0
21 7 -0.272084 -0.211218 0.161337 0.157104 0 0
21 8 0.015412 0.006299 0.00691 0.006907 0 0
21 9 -0.039139 -0.09706 0.118186 0.115825 0 0
21 10 -0.020642 -0.022856 0.0132 0.013185 0 0
21 11 -0.051717 -0.082929 0.019682 0.019613 0 0
21 12 0.055514 0.009341 0.026901 0.026659 0 0
21 13 0.025078 0.017089 0.006902 0.006884 0 0
21 14 -0.201717 -0.210567 0.137168 0.132427 0 0
21 15 0.072609 0.068264 0.038695 0.038385 0 0
21 16 -0.139286 -0.025174 0.019579 0.020536 0 0
21 17 -0.081272 -0.005197 0.010426 0.010769 0 0
21 18 0.032115 -0.024954 0.023607 0.023404 0 0
21 19 0.009321 -0.022962 0.008078 0.008042 0 0
21 20 -0.03603 -0.039016 0.013643 0.013821 0 0
22 0 0.006284 0.032282 0.046359 0.046873 0 0
22 1 0.052848 0.068963 0.1159 0.117156 0 0
22 2 -0.019173 -0.009663 0.014653 0.014689 0 0
22 3 -0.088237 -0.016855 0.102032 0.104693 0 0
22 4 -0.024675 0.030648 0.07681 0.077332 0 0
22 5 0.004571 0.01004 0.018058 0.018104 0 0
22 6 -0.265257 -0.239547 0.182068 0.182432 0 0
22 7 0.000517 -0.01242 0.011469 0.011424 0 0
22 8 -0.060509 0.012395 0.07313 0.07551 0 0
22 9 0.002233 -0.016522 0.014832 0.014759 0 0
22 10 -0.031665 0.162698 0.136848 0.138805 0 0
22 11 0.122927 -0.142893 0.14894 0.154908 0 0
22 12 -0.122549 -0.120638 0.06929 0.069065 0 0
22 13 0.071886 0.012784 0.066033 0.067447 0 0
22 14 -0.010586 -0.011812 0.009982 0.009999 0 0
22 15 -0.041148 0.021615 0.04465 0.045236 0 0
22 16 0.116053 0.216039 0.148901 0.150802 0 0
22 17 0.005933 0.054901 0.098466 0.100445 0 0
22 18 -0.045052 0.00478 0.045312 0.045486 0 0
22 19 0.032365 -0.00541 0.084219 0.084788 0 0
22 20 0.163761 0.045882 0.168836 0.168773 0 0
22 21 0.055584 -0.007203 0.100196 0.100861 0 0
23 0 0.112066 0.07971 0.045116 0.045448 0 0
23 1 0.040794 0.021093 0.021775 0.021887 0 0
23 2 0.100139 0.074545 0.141073 0.142022 0 0
23 3 0.08489 0.022823 0.02188 0.021644 0 0
23 4 -0.012 0.01518 0.023772 0.024159 0 0
23 5 -0.554492 0.500282 0.877668 0.890043 0 0
23 6 -0.05961 -0.082477 0.055088 0.054362 0 0
23 7 0.9079 -0.258899 1.10019 1.11055 0 0
23 8 0.008857 -0.028478 0.017833 0.017803 0 0
23 9 0.468487 0.173108 0.45963 0.454879 0 0
23 10 0.09036 0.006322 0.079397 0.078241 0 0
23 11 -0.059591 -0.076273 0.037929 0.038534 0 0
23 12 0.019026 0.068829 0.060836 0.061907 0 0
23 13 0.000313 0.02695 0.018216 0.018479 0 0
23 14 0.183588 0.385837 0.687086 0.687659 0 0
23 15 -0.067015 -0.029524 0.081094 0.081764 0 0
23 16 -0.090871 0.022219 0.049134 0.050396 0 0
23 17 -0.086612 -0.033416 0.02549 0.026128 0 0
23 18 -0.049607 -0.063319 0.045383 0.046118 0 0
23 19 0.003451 -0.040849 0.019599 0.019502 0 0
23 20 -0.052637 -0.051526 0.030824 0.031246 0 0
23 21 -0.002474 -0.024859 0.021154 0.021307 0 0
23 22 0.240996 0.172326 0.282831 0.283864 0 0
24 0 0.046979 -0.065425 0.050042 0.049062 0 0
24 1 -0.008368 -0.025535 0.023341 0.023262 0 0
24 2 0.122484 0.245851 0.153425 0.154598 0 0
24 3 0.074332 0.070455 0.022121 0.021959 0 0
24 4 -0.026726 0.050722 0.02327 0.023431 0 0
24 5 -0.188561 -0.542705 0.776795 0.772341 0 0
24 6 -0.161231 -0.277095 0.067424 0.066561 0 0
24 7 0.57329 -0.014529 0.588456 0.575721 0 0
24 8 0.030488 -0.008701 0.017356 0.017164 0 0
24 9 -0.24551 -0.173289 0.365152 0.359288 0 0
24 10 -0.080943 -0.080818 0.051265 0.050368 0 0
24 11 -0.233189 -0.235335 0.047401 0.047701 0 0
24 12 -0.108773 -0.194617 0.055404 0.05495 0 0
24 13 0.01521 0.049739 0.018419 0.018401 0 0
24 14 -0.066287 -0.192231 0.497657 0.495052 0 0
24 15 0.05191 0.072617 0.098022 0.097488 0 0
24 16 -0.139111 0.088603 0.051285 0.053532 0 0
24 17 -0.098825 -0.080233 0.025754 0.025965 0 0
24 18 -0.090528 -0.096571 0.058291 0.058191 0 0
24 19 0.009496 -0.017357 0.020514 0.02034 0 0
24 20 -0.081118 0.076274 0.032702 0.033889 0 0
24 21 -0.072833 -0.113239 0.022391 0.022109 0 0
24 22 0.154026 0.25011 0.26219 0.263382 0 0
24 23 -0.107484 -0.130661 0.052844 0.052481 0 0
25 0 0.031206 0.021997 0.013215 0.013183 0 0
25 1 0.020175 0.014688 0.006215 0.006251 0 0
25 2 0.044025 -0.017282 0.043028 0.042551 0 0
25 3 0.034814 0.003157 0.006108 0.006081 0 0
25 4 -0.014004 0.022842 0.00661 0.006682 0 0
25 5 -0.065323 0.162021 0.274368 0.268259 0 0
25 6 0.044443 0.066687 0.017985 0.017917 0 0
25 7 0.351191 0.052864 0.323855 0.321456 0 0
25 8 0.024893 0.008337 0.004951 0.00496 0 0
25 9 0.144431 0.05682 0.121164 0.119962 0 0
25 10 0.041942 0.026971 0.022043 0.0218 0 0
25 11 -0.018122 -0.023685 0.012051 0.012101 0 0
25 12 0.01175 0.051181 0.01623 0.016341 0 0
25 13 0.015678 0.01335 0.005101 0.005102 0 0
25 14 -0.045744 0.138007 0.205562 0.209157 0 0
25 15 -0.010415 0.046413 0.024747 0.024716 0 0
25 16 -0.014417 0.028147 0.014396 0.014753 0 0
25 17 0.016885 0.013252 0.007372 0.00741 0 0
25 18 -0.01916 -0.015685 0.014091 0.014191 0 0
25 19 0.007636 0.017883 0.005758 0.005815 0 0
25 20 0.015848 0.011008 0.009115 0.009191 0 0
